71
1.00E-03
1.00E-02
2.00E-02
3.00E-02
4.00E-02
5.00E-02
6.00E-02
7.00E-02
8.00E-02
9.00E-02
1.00E-01
2.00E-01
3.00E-01
4.00E-01
5.00E-01
6.00E-01
7.00E-01
8.00E-01
9.00E-01
1.00E+00
2.00E+00
3.00E+00
4.00E+00
5.00E+00
6.00E+00
7.00E+00
8.00E+00
9.00E+00
1.00E+01
1.50E+01
2.00E+01
2.50E+01								
3.00E+01
5.00E+01								
7.00E+01
1.00E+02
2.00E+02
3.00E+02
4.00E+02								
5.00E+02
5.50E+02
5.00E+02
4.00E+02
3.00E+02
2.00E+02
1.00E+02
7.00E+01
5.00E+01
3.00E+01
2.50E+01
2.00E+01
1.50E+01
1.00E+01
9.00E+00
8.00E+00
7.00E+00
6.00E+00
5.00E+00
4.00E+00
3.00E+00
2.00E+00
1.00E+00
9.00E-01
8.00E-01
7.00E-01
6.00E-01
5.00E-01
4.00E-01
3.00E-01
2.00E-01
1.00E-01
