56
1.0000e+1
3.0000e+1
5.0000e+1
7.0000e+1
9.0000e+1
1.0000e+2
2.0000e+2
3.0000e+2
4.0000e+2
5.0000e+2
7.5000e+2
1.0000e+3
2.0000e+3
3.0000e+3
4.0000e+3
5.0000e+3
6.0000e+3
8.0000e+3
9.0000e+3
1.0000e+4
1.2000e+4
1.5000e+4
2.0000e+4
4.0000e+4
6.0000e+4
8.0000e+4
1.0000e+5
8.0000e+4
6.0000e+4
4.0000e+4
2.0000e+4
1.5000e+4
1.2000e+4
1.0000e+4
9.0000e+3
8.0000e+3
7.5000e+3
7.0000e+3
6.5000e+3
6.0000e+3
5.0000e+3
4.0000e+3
3.0000e+3
2.0000e+3
1.0000e+3
7.5000e+2
5.0000e+2
4.0000e+2
3.0000e+2
2.0000e+2
1.0000e+2
9.0000e+1
7.0000e+1
5.0000e+1
3.0000e+1
1.0000e+1
