61
10.000
30.000
50.000
70.000
90.000
100.000
150.000
200.000
250.000
300.000
400.000
500.000
700.000
900.000
1000.000
1500.000
2000.000
2500.000
3000.000
4000.000
5000.000
7000.000
9000.000
10000.000
30000.000
50000.000
70000.000
90000.000
100000.0
90000.000
70000.000
50000.000
30000.000
10000.000
9000.000
7000.000
5000.000
4000.000
3000.000
2500.000
2400.000
2300.000
2200.000
2100.000
2000.000
1500.000
1000.000
900.000
700.000
500.000
400.000
300.000
250.000
200.000
150.000
100.000
90.000
70.000
50.000
30.000
10.000
