57
10.000
30.000
50.000
70.000
90.000
100.000
200.000
300.000
400.000
500.000
750.000
1000.000
2000.000
3000.000
4000.000
5000.000
6000.000
7000.000
8000.000
9000.000
10000.000
12000.000
15000.000
18000.000
20000.000
40000.000
60000.000
80000.000
100000.0
80000.000
60000.000
40000.000
20000.000
18000.000
15000.000
12000.000
10000.000
9000.000
8000.000
7000.000
6000.000
5000.000
4000.000
3000.000
2000.000
1000.000
750.000
500.000
400.000
300.000
200.000
100.000
90.000
70.000
50.000
30.000
10.000
